500
1	193
2	194
3	195
4	196
5	197
6	192
7	198
8	199
9	191
10	200
11	201
12	190
13	202
14	203
15	204
16	205
17	444
18	206
19	207
20	208
21	209
22	483
23	438
24	189
25	210
26	211
27	212
28	213
29	434
30	214
31	188
32	215
33	216
34	465
35	187
36	217
37	218
38	219
39	459
40	186
41	220
42	221
43	222
44	169
45	223
46	185
47	224
48	225
49	490
50	184
51	226
52	227
53	228
54	183
55	229
56	168
57	182
58	230
59	231
60	232
61	485
62	233
63	234
64	470
65	235
66	236
67	181
68	167
69	237
70	495
71	466
72	179
73	238
74	239
75	163
76	240
77	241
78	180
79	242
80	166
81	243
82	474
83	244
84	245
85	246
86	173
87	247
88	178
89	177
90	248
91	162
92	249
93	250
94	176
95	251
96	175
97	165
98	252
99	462
100	451
101	253
102	254
103	174
104	493
105	156
106	172
107	482
108	171
109	255
110	161
111	153
112	256
113	478
114	257
115	170
116	164
117	258
118	499
119	259
120	260
121	261
122	498
123	158
124	262
125	263
126	264
127	155
128	491
129	265
130	160
131	152
132	487
133	150
134	266
135	267
136	268
137	269
138	467
139	270
140	500
141	159
142	271
143	272
144	273
145	274
146	157
147	476
148	154
149	275
150	276
151	277
152	142
153	151
154	278
155	279
156	149
157	280
158	148
159	281
160	282
161	283
162	284
163	285
164	286
165	287
166	147
167	288
168	463
169	146
170	453
171	289
172	450
173	290
174	291
175	141
176	292
177	293
178	294
179	489
180	295
181	296
182	145
183	297
184	298
185	144
186	299
187	452
188	300
189	301
190	302
191	436
192	303
193	304
194	99
195	305
196	306
197	449
198	307
199	140
200	308
201	309
202	461
203	310
204	311
205	446
206	488
207	312
208	313
209	143
210	314
211	136
212	497
213	315
214	316
215	317
216	441
217	318
218	319
219	494
220	98
221	320
222	133
223	321
224	322
225	139
226	323
227	324
228	325
229	326
230	138
231	327
232	486
233	484
234	328
235	329
236	131
237	330
238	479
239	129
240	137
241	331
242	135
243	134
244	332
245	333
246	481
247	334
248	126
249	335
250	336
251	492
252	468
253	97
254	337
255	132
256	338
257	339
258	340
259	477
260	475
261	130
262	28
263	341
264	342
265	343
266	128
267	127
268	496
269	473
270	344
271	125
272	345
273	346
274	464
275	347
276	96
277	457
278	348
279	349
280	350
281	456
282	27
283	124
284	351
285	455
286	119
287	352
288	353
289	354
290	454
291	355
292	123
293	356
294	122
295	357
296	358
297	95
298	359
299	360
300	361
301	362
302	121
303	363
304	364
305	26
306	365
307	366
308	118
309	367
310	114
311	368
312	369
313	370
314	58
315	371
316	372
317	109
318	373
319	374
320	94
321	375
322	376
323	377
324	378
325	120
326	379
327	380
328	25
329	381
330	14
331	382
332	117
333	439
334	80
335	113
336	383
337	384
338	57
339	440
340	108
341	460
342	104
343	93
344	385
345	472
346	386
347	387
348	24
349	388
350	13
351	389
352	390
353	391
354	79
355	112
356	392
357	458
358	116
359	56
360	480
361	393
362	107
363	394
364	103
365	92
366	395
367	469
368	396
369	115
370	437
371	23
372	435
373	12
374	397
375	398
376	399
377	78
378	74
379	111
380	400
381	70
382	66
383	401
384	402
385	55
386	403
387	404
388	87
389	106
390	405
391	102
392	91
393	110
394	406
395	448
396	445
397	407
398	83
399	442
400	408
401	22
402	409
403	410
404	11
405	411
406	412
407	77
408	73
409	69
410	65
411	61
412	413
413	54
414	89
415	50
416	86
417	105
418	101
419	100
420	90
421	471
422	414
423	415
424	416
425	447
426	82
427	417
428	418
429	31
430	21
431	419
432	420
433	18
434	10
435	443
436	421
437	76
438	72
439	68
440	64
441	60
442	53
443	88
444	49
445	47
446	45
447	85
448	422
449	84
450	423
451	42
452	424
453	425
454	426
455	36
456	81
457	34
458	427
459	30
460	20
461	17
462	9
463	6
464	428
465	2
466	429
467	75
468	71
469	67
470	63
471	62
472	59
473	52
474	51
475	48
476	46
477	44
478	430
479	43
480	41
481	40
482	39
483	38
484	37
485	35
486	33
487	32
488	29
489	19
490	16
491	15
492	8
493	7
494	5
495	4
496	3
497	431
498	1
499	432
500	433
